25
0.00    220.00      1.14      0.20
1.00   3951.88      0.94      0.22
2.00   6994.08      0.76      0.24
3.00   9414.28      0.59      0.26
4.00  11277.28      0.45      0.27
5.00  12645.00      0.32      0.29
6.00  13576.48      0.20      0.31
7.00  14127.88      0.11      0.32
8.00  14352.48      0.02      0.33
9.00  14300.68     -0.05      0.35
10.00  14020.00     -0.11      0.36
11.00  13555.08     -0.15      0.37
12.00  12947.68     -0.18      0.38
13.00  12236.68     -0.21      0.39
14.00  11458.08     -0.22      0.40
15.00  10645.00     -0.23      0.41
16.00   9827.68     -0.23      0.42
17.00   9033.48     -0.22      0.42
18.00   8286.88     -0.20      0.43
19.00   7609.48     -0.18      0.44
20.00   7020.00     -0.15      0.44
21.00   6534.28     -0.12      0.44
22.00   6165.28     -0.09      0.45
23.00   5923.08     -0.05      0.45
24.00   5814.88     -0.01      0.45
25.00   5845.00      0.03      0.45